image: map3.pgm
resolution: 0.050000
origin: [-3.382903, -4.531181, 0.000000]
negate: 0
occupied_thresh: 0.65
free_thresh: 0.196

